time,temperature_2m_max,temperature_2m_min,apparent_temperature_max,apparent_temperature_min,precipitation_sum,rain_sum,wind_speed_10m_max,wind_gusts_10m_max,weather_code,daylight_duration,sunrise,sunset
2024-12-28,29.0,23.4,34.4,27.8,1.3,1.3,16.2,32.8,51,42130.86,2024-12-28T06:13,2024-12-28T17:55
2024-12-29,28.1,23.6,33.2,27.6,8.9,8.9,13.8,29.5,63,42134.89,2024-12-29T06:14,2024-12-29T17:56
2024-12-30,28.0,23.5,32.6,28.0,16.4,16.4,14.7,29.2,63,42139.44,2024-12-30T06:14,2024-12-30T17:57
2024-12-31,25.7,23.2,30.5,27.4,38.6,38.6,15.5,30.6,63,42144.48,2024-12-31T06:15,2024-12-31T17:57
2025-01-01,26.0,23.4,30.6,27.3,45.5,45.5,18.0,36.7,63,42150.02,2025-01-01T06:15,2025-01-01T17:58
2025-01-02,27.6,23.1,30.9,27.3,5.9,5.9,16.6,31.3,61,42156.04,2025-01-02T06:16,2025-01-02T17:58
2025-01-03,28.9,23.5,31.8,26.5,0.2,0.2,20.9,39.6,51,42162.55,2025-01-03T06:16,2025-01-03T17:59
2025-01-04,27.7,22.8,30.3,25.5,0.0,0.0,16.0,32.8,3,42169.54,2025-01-04T06:16,2025-01-04T17:59
2025-01-05,29.1,22.4,33.1,25.0,0.0,0.0,14.7,28.1,3,42176.99,2025-01-05T06:17,2025-01-05T18:00
2025-01-06,29.0,22.0,33.3,24.7,0.0,0.0,14.1,27.0,3,42184.91,2025-01-06T06:17,2025-01-06T18:00
2025-01-07,28.4,22.9,33.8,26.9,2.3,2.3,13.4,26.3,53,42193.29,2025-01-07T06:17,2025-01-07T18:01
2025-01-08,28.3,23.2,33.4,27.6,2.5,2.5,15.0,29.5,53,42202.22,2025-01-08T06:18,2025-01-08T18:01
2025-01-09,28.0,23.4,32.5,27.4,1.6,1.6,18.1,34.9,51,42211.73,2025-01-09T06:18,2025-01-09T18:02
2025-01-10,27.6,23.4,31.8,27.4,2.4,2.4,19.8,37.1,53,42221.78,2025-01-10T06:18,2025-01-10T18:02
2025-01-11,25.2,22.7,29.5,25.9,44.4,44.4,22.5,40.7,65,42232.37,2025-01-11T06:19,2025-01-11T18:03
2025-01-12,27.6,22.9,32.0,27.3,19.6,19.6,15.3,35.3,63,42243.48,2025-01-12T06:19,2025-01-12T18:03
2025-01-13,28.5,22.5,33.2,26.9,11.0,11.0,20.4,38.5,61,42255.07,2025-01-13T06:19,2025-01-13T18:03
2025-01-14,25.2,22.6,30.0,27.1,28.9,28.9,12.8,24.1,63,42267.14,2025-01-14T06:19,2025-01-14T18:04
2025-01-15,27.1,22.9,31.1,27.5,12.4,12.4,14.4,31.0,61,42279.66,2025-01-15T06:20,2025-01-15T18:04
2025-01-16,27.5,22.6,31.5,26.8,14.9,14.9,18.7,37.8,63,42292.61,2025-01-16T06:20,2025-01-16T18:05
2025-01-17,27.9,23.0,31.5,26.7,1.9,1.9,21.6,41.8,53,42305.98,2025-01-17T06:20,2025-01-17T18:05
2025-01-18,25.7,23.5,30.4,27.4,21.5,21.5,16.7,34.6,63,42319.74,2025-01-18T06:20,2025-01-18T18:06
2025-01-19,25.1,22.4,29.6,26.6,63.4,63.4,14.9,29.2,63,42333.87,2025-01-19T06:21,2025-01-19T18:06
2025-01-20,28.8,22.9,32.4,26.8,6.0,6.0,19.4,36.7,55,42348.36,2025-01-20T06:21,2025-01-20T18:07
2025-01-21,28.0,23.4,32.3,27.5,20.8,20.8,15.1,30.2,63,42363.18,2025-01-21T06:21,2025-01-21T18:07
2025-01-22,26.9,22.6,32.0,27.1,15.0,15.0,14.0,29.2,63,42378.31,2025-01-22T06:21,2025-01-22T18:07
2025-01-23,28.1,22.4,32.4,27.1,2.0,2.0,18.2,36.7,53,42393.75,2025-01-23T06:21,2025-01-23T18:08
2025-01-24,28.8,23.0,33.2,27.0,10.4,10.4,13.3,29.5,63,42409.45,2025-01-24T06:21,2025-01-24T18:08
2025-01-25,28.0,23.0,31.1,26.8,8.7,8.7,20.0,38.9,61,42425.43,2025-01-25T06:21,2025-01-25T18:09
2025-01-26,28.2,23.5,31.9,27.8,3.0,3.0,22.0,41.4,53,42441.64,2025-01-26T06:22,2025-01-26T18:09
2025-01-27,27.9,22.4,30.8,25.4,0.1,0.1,18.9,37.8,51,42458.09,2025-01-27T06:22,2025-01-27T18:09
2025-01-28,28.1,22.0,31.6,24.3,5.1,5.1,16.9,31.0,63,42474.93,2025-01-28T06:22,2025-01-28T18:10
2025-01-29,28.0,23.2,31.6,27.2,9.6,9.6,18.5,40.0,63,42492.21,2025-01-29T06:22,2025-01-29T18:10
2025-01-30,29.2,22.9,35.8,27.4,8.8,8.8,13.6,28.1,61,42509.9,2025-01-30T06:22,2025-01-30T18:10
2025-01-31,28.5,23.2,33.4,27.9,3.3,3.3,15.4,34.2,53,42527.98,2025-01-31T06:22,2025-01-31T18:11
2025-02-01,29.5,23.3,34.4,27.9,1.1,1.1,17.2,33.5,51,42546.42,2025-02-01T06:22,2025-02-01T18:11
2025-02-02,29.5,22.5,34.4,26.2,0.6,0.6,15.6,31.3,51,42565.21,2025-02-02T06:22,2025-02-02T18:11
2025-02-03,28.9,22.6,32.9,26.5,0.1,0.1,15.9,33.5,51,42584.32,2025-02-03T06:22,2025-02-03T18:11
2025-02-04,29.1,21.7,31.9,24.8,0.0,0.0,16.1,32.8,3,42603.72,2025-02-04T06:22,2025-02-04T18:12
2025-02-05,28.5,22.5,32.4,26.1,0.8,0.8,15.4,31.0,51,42623.39,2025-02-05T06:21,2025-02-05T18:12
2025-02-06,29.9,22.2,34.4,26.7,1.2,1.2,15.3,30.2,51,42643.31,2025-02-06T06:21,2025-02-06T18:12
2025-02-07,29.6,22.8,33.8,26.4,0.5,0.5,18.3,35.3,51,42663.46,2025-02-07T06:21,2025-02-07T18:12
2025-02-08,29.1,21.8,32.8,25.1,0.8,0.8,21.7,41.8,51,42683.82,2025-02-08T06:21,2025-02-08T18:12
2025-02-09,29.1,22.5,32.2,26.2,0.4,0.4,19.8,40.3,51,42704.36,2025-02-09T06:21,2025-02-09T18:13
2025-02-10,30.0,21.5,34.2,24.1,0.0,0.0,17.3,33.8,3,42725.06,2025-02-10T06:21,2025-02-10T18:13
2025-02-11,29.0,23.0,34.3,26.9,3.1,3.1,17.3,34.2,55,42745.9,2025-02-11T06:21,2025-02-11T18:13
2025-02-12,30.0,23.1,34.5,27.7,1.6,1.6,18.5,36.4,53,42766.88,2025-02-12T06:20,2025-02-12T18:13
2025-02-13,29.9,22.0,34.1,25.3,0.0,0.0,13.4,29.2,3,42787.94,2025-02-13T06:20,2025-02-13T18:13
2025-02-14,31.0,21.1,35.9,24.5,0.0,0.0,15.7,30.2,3,42809.09,2025-02-14T06:20,2025-02-14T18:14
2025-02-15,30.8,21.5,35.8,25.1,0.0,0.0,15.9,31.7,3,42830.3,2025-02-15T06:20,2025-02-15T18:14
2025-02-16,30.5,20.9,34.6,24.3,0.0,0.0,14.2,30.2,3,42851.56,2025-02-16T06:20,2025-02-16T18:14
2025-02-17,30.5,22.2,35.6,25.1,0.8,0.8,16.9,33.1,51,42873.04,2025-02-17T06:19,2025-02-17T18:14
2025-02-18,30.2,23.5,34.9,28.2,1.4,1.4,14.8,30.6,53,42894.81,2025-02-18T06:19,2025-02-18T18:14
2025-02-19,30.6,22.2,36.1,26.7,1.1,1.1,13.2,23.4,51,42916.83,2025-02-19T06:19,2025-02-19T18:14
2025-02-20,31.1,22.1,36.2,26.3,0.0,0.0,12.2,25.9,1,42939.09,2025-02-20T06:19,2025-02-20T18:14
2025-02-21,31.0,21.9,36.1,26.1,0.7,0.7,14.2,29.5,51,42961.56,2025-02-21T06:18,2025-02-21T18:14
2025-02-22,31.8,22.4,36.7,26.7,0.0,0.0,13.9,24.1,2,42984.23,2025-02-22T06:18,2025-02-22T18:14
2025-02-23,31.0,23.0,34.9,27.0,0.2,0.2,16.9,34.2,51,43007.08,2025-02-23T06:18,2025-02-23T18:14
2025-02-24,30.6,23.2,33.9,27.1,0.7,0.7,21.1,41.4,51,43030.09,2025-02-24T06:17,2025-02-24T18:14
2025-02-25,29.5,23.1,33.2,27.2,9.4,9.4,15.8,34.2,63,43053.23,2025-02-25T06:17,2025-02-25T18:14
2025-02-26,29.2,23.0,34.0,26.8,15.9,15.9,22.2,46.1,63,43076.5,2025-02-26T06:17,2025-02-26T18:15
2025-02-27,29.4,23.0,34.2,27.7,31.0,31.0,14.8,40.0,63,43099.86,2025-02-27T06:16,2025-02-27T18:15
2025-02-28,28.2,22.9,32.3,27.4,55.5,55.5,16.0,37.4,65,43123.31,2025-02-28T06:16,2025-02-28T18:15
2025-03-01,30.4,22.6,35.7,27.4,20.2,20.2,15.6,32.4,63,43146.82,2025-03-01T06:15,2025-03-01T18:15
2025-03-02,29.1,23.0,35.1,28.0,8.6,8.6,12.2,28.1,61,43170.37,2025-03-02T06:15,2025-03-02T18:15
2025-03-03,30.8,23.1,36.1,27.8,3.0,3.0,17.1,34.6,61,43193.95,2025-03-03T06:15,2025-03-03T18:15
2025-03-04,31.0,23.5,36.0,28.0,0.0,0.0,14.8,31.0,3,43217.53,2025-03-04T06:14,2025-03-04T18:14
2025-03-05,31.7,22.4,37.9,26.9,0.0,0.0,10.6,22.3,3,43241.1,2025-03-05T06:14,2025-03-05T18:14
2025-03-06,32.4,21.7,38.0,25.7,0.0,0.0,10.6,22.0,3,43264.65,2025-03-06T06:13,2025-03-06T18:14
2025-03-07,31.7,22.4,38.4,26.9,0.0,0.0,11.6,23.0,3,43288.14,2025-03-07T06:13,2025-03-07T18:14
2025-03-08,31.5,21.1,35.9,25.1,0.0,0.0,13.9,28.4,3,43311.58,2025-03-08T06:13,2025-03-08T18:14
2025-03-09,30.5,21.4,34.9,25.2,0.0,0.0,14.4,30.6,3,43335.13,2025-03-09T06:12,2025-03-09T18:14
2025-03-10,28.5,24.0,32.3,28.6,12.7,12.7,22.2,42.1,61,43358.84,2025-03-10T06:12,2025-03-10T18:14
2025-03-11,26.7,23.2,31.4,27.7,56.0,56.0,17.4,33.8,65,43382.69,2025-03-11T06:11,2025-03-11T18:14
2025-03-12,30.5,23.0,35.6,27.6,0.7,0.7,15.4,32.4,51,43406.67,2025-03-12T06:11,2025-03-12T18:14
2025-03-13,31.0,22.6,36.9,27.4,1.3,1.3,11.8,25.6,51,43430.76,2025-03-13T06:10,2025-03-13T18:14
2025-03-14,31.4,23.0,38.2,28.0,1.1,1.1,12.6,25.2,51,43454.94,2025-03-14T06:10,2025-03-14T18:14
2025-03-15,31.6,23.7,37.6,28.9,1.6,1.6,13.1,27.0,53,43479.2,2025-03-15T06:09,2025-03-15T18:14
2025-03-16,28.8,23.8,34.4,28.6,21.0,21.0,6.8,18.0,63,43503.53,2025-03-16T06:09,2025-03-16T18:14
2025-03-17,30.9,23.6,36.7,29.1,7.2,7.2,11.9,26.3,61,43527.9,2025-03-17T06:08,2025-03-17T18:14
2025-03-18,31.0,23.8,36.8,29.2,2.0,2.0,16.4,33.8,53,43552.29,2025-03-18T06:08,2025-03-18T18:14
2025-03-19,30.8,23.4,37.6,27.3,5.8,5.8,14.3,29.9,55,43576.71,2025-03-19T06:07,2025-03-19T18:14
2025-03-20,31.1,23.8,36.9,29.2,2.2,2.2,16.1,32.0,51,43601.11,2025-03-20T06:07,2025-03-20T18:13
2025-03-21,32.0,24.2,37.9,29.7,0.9,0.9,15.1,31.0,51,43625.5,2025-03-21T06:06,2025-03-21T18:13
2025-03-22,32.5,24.8,38.7,30.5,0.9,0.9,13.6,28.4,51,43649.85,2025-03-22T06:06,2025-03-22T18:13
2025-03-23,32.0,24.5,37.7,29.8,0.5,0.5,14.7,30.6,51,43674.15,2025-03-23T06:05,2025-03-23T18:13
2025-03-24,31.5,24.1,37.4,29.1,5.4,5.4,15.1,32.4,61,43698.38,2025-03-24T06:05,2025-03-24T18:13
2025-03-25,31.9,23.7,39.1,28.9,5.6,5.6,12.2,26.6,61,43722.53,2025-03-25T06:04,2025-03-25T18:13
2025-03-26,31.5,24.0,39.2,29.7,7.7,7.7,12.3,24.8,63,43746.57,2025-03-26T06:04,2025-03-26T18:13
2025-03-27,31.8,23.3,39.2,28.0,6.7,6.7,9.9,28.8,63,43770.48,2025-03-27T06:03,2025-03-27T18:13
2025-03-28,32.0,23.2,38.5,28.4,0.5,0.5,11.5,24.5,51,43794.28,2025-03-28T06:03,2025-03-28T18:13
2025-03-29,31.8,23.4,37.6,28.6,1.2,1.2,13.4,29.5,53,43818.09,2025-03-29T06:02,2025-03-29T18:13
2025-03-30,31.1,23.6,37.4,28.7,1.6,1.6,12.7,27.4,53,43841.98,2025-03-30T06:02,2025-03-30T18:13
2025-03-31,31.1,23.4,37.3,28.1,0.7,0.7,13.4,28.8,51,43865.93,2025-03-31T06:01,2025-03-31T18:12
2025-04-01,31.6,24.0,38.5,28.6,8.8,8.8,16.4,34.2,63,43889.92,2025-04-01T06:01,2025-04-01T18:12
2025-04-02,30.0,23.6,36.1,28.9,12.3,12.3,14.2,31.0,63,43913.94,2025-04-02T06:00,2025-04-02T18:12
2025-04-03,30.6,23.9,37.6,29.3,23.8,23.8,10.5,25.2,65,43937.97,2025-04-03T06:00,2025-04-03T18:12
2025-04-04,30.5,23.9,37.9,29.4,41.3,41.3,10.8,26.6,65,43962.0,2025-04-04T05:59,2025-04-04T18:12
2025-04-05,32.3,23.5,39.5,28.2,5.8,5.8,17.9,35.3,63,43986.0,2025-04-05T05:59,2025-04-05T18:12
2025-04-06,31.3,24.0,39.5,28.9,18.0,18.0,12.1,29.2,63,44009.97,2025-04-06T05:58,2025-04-06T18:12
2025-04-07,32.5,23.8,39.0,29.1,13.3,13.3,15.0,31.3,63,44033.89,2025-04-07T05:58,2025-04-07T18:12
2025-04-08,32.3,23.5,39.8,28.6,9.0,9.0,16.8,33.5,65,44057.74,2025-04-08T05:57,2025-04-08T18:12
2025-04-09,31.2,24.5,37.0,30.0,1.8,1.8,11.7,25.6,53,44081.5,2025-04-09T05:57,2025-04-09T18:12
2025-04-10,32.1,24.1,40.2,29.0,34.7,34.7,15.8,33.5,65,44105.16,2025-04-10T05:56,2025-04-10T18:12
2025-04-11,30.0,23.8,34.1,27.7,0.0,0.0,17.1,31.3,3,44128.7,2025-04-11T05:56,2025-04-11T18:11
2025-04-12,32.6,22.5,39.8,27.0,1.8,1.8,10.4,22.7,61,44152.1,2025-04-12T05:56,2025-04-12T18:11
2025-04-13,33.2,24.1,41.6,29.9,6.9,6.9,9.3,26.6,63,44175.34,2025-04-13T05:55,2025-04-13T18:11
2025-04-14,32.5,24.9,40.1,30.8,7.3,7.3,10.9,27.4,63,44198.42,2025-04-14T05:55,2025-04-14T18:11
2025-04-15,32.3,23.9,39.9,29.6,5.2,5.2,11.5,25.9,63,44221.3,2025-04-15T05:54,2025-04-15T18:11
2025-04-16,31.7,24.5,39.1,30.2,1.8,1.8,9.9,22.7,53,44243.96,2025-04-16T05:54,2025-04-16T18:11
2025-04-17,33.3,24.8,40.4,30.5,0.2,0.2,15.7,30.2,51,44266.41,2025-04-17T05:53,2025-04-17T18:11
2025-04-18,33.3,24.6,41.2,30.7,2.8,2.8,15.6,32.4,55,44288.79,2025-04-18T05:53,2025-04-18T18:11
2025-04-19,34.0,24.5,42.0,30.5,3.3,3.3,10.7,24.5,61,44311.13,2025-04-19T05:53,2025-04-19T18:11
2025-04-20,33.0,24.5,41.1,30.3,2.4,2.4,9.6,22.0,61,44333.44,2025-04-20T05:52,2025-04-20T18:11
2025-04-21,32.9,24.8,42.0,30.7,8.9,8.9,12.8,29.9,63,44355.69,2025-04-21T05:52,2025-04-21T18:11
2025-04-22,31.8,24.2,40.1,29.8,10.1,10.1,8.2,24.8,63,44377.86,2025-04-22T05:51,2025-04-22T18:11
2025-04-23,32.8,24.8,41.3,31.1,7.9,7.9,7.1,24.5,63,44399.94,2025-04-23T05:51,2025-04-23T18:11
2025-04-24,32.2,24.6,40.0,30.3,8.7,8.7,9.5,20.5,63,44421.91,2025-04-24T05:51,2025-04-24T18:11
2025-04-25,32.9,24.3,41.3,29.8,4.4,4.4,13.1,28.4,61,44443.74,2025-04-25T05:50,2025-04-25T18:11
2025-04-26,32.8,23.9,40.9,28.7,5.5,5.5,15.2,29.2,63,44465.44,2025-04-26T05:50,2025-04-26T18:11
2025-04-27,31.0,24.0,37.8,29.1,14.4,14.4,8.0,21.6,65,44486.96,2025-04-27T05:50,2025-04-27T18:11
2025-04-28,31.7,23.6,38.2,28.4,14.4,14.4,14.5,35.6,63,44508.31,2025-04-28T05:49,2025-04-28T18:11
2025-04-29,31.4,24.0,37.8,28.7,11.2,11.2,16.0,31.7,63,44529.45,2025-04-29T05:49,2025-04-29T18:11
2025-04-30,31.1,24.4,37.4,28.5,21.2,21.2,15.7,31.7,65,44550.38,2025-04-30T05:49,2025-04-30T18:11
2025-05-01,31.0,24.0,38.0,28.8,0.1,0.1,14.0,24.1,51,44571.05,2025-05-01T05:48,2025-05-01T18:11
2025-05-02,31.6,24.5,40.6,30.1,13.5,13.5,8.8,22.7,65,44591.47,2025-05-02T05:48,2025-05-02T18:11
2025-05-03,32.7,24.1,40.8,29.7,1.5,1.5,9.0,19.4,55,44611.61,2025-05-03T05:48,2025-05-03T18:11
2025-05-04,31.8,24.5,40.0,30.6,0.9,0.9,9.4,23.4,53,44631.44,2025-05-04T05:48,2025-05-04T18:11
2025-05-05,33.8,24.2,41.0,29.8,9.1,9.1,12.6,24.5,63,44650.95,2025-05-05T05:47,2025-05-05T18:11
2025-05-06,32.9,24.2,40.7,29.6,4.5,4.5,10.8,24.1,63,44670.11,2025-05-06T05:47,2025-05-06T18:12
2025-05-07,32.6,24.5,40.0,30.2,1.0,1.0,13.8,33.8,53,44688.92,2025-05-07T05:47,2025-05-07T18:12
2025-05-08,32.9,24.0,39.6,29.6,0.0,0.0,9.8,22.0,3,44707.51,2025-05-08T05:47,2025-05-08T18:12
2025-05-09,31.9,25.1,38.2,30.8,0.6,0.6,11.6,26.6,51,44725.91,2025-05-09T05:46,2025-05-09T18:12
2025-05-10,33.3,24.2,40.6,29.9,0.5,0.5,11.2,18.7,53,44744.12,2025-05-10T05:46,2025-05-10T18:12
2025-05-11,33.8,25.3,41.4,31.9,1.7,1.7,11.6,31.0,53,44762.11,2025-05-11T05:46,2025-05-11T18:12
2025-05-12,34.5,24.0,40.6,29.1,0.2,0.2,14.7,28.1,51,44779.88,2025-05-12T05:46,2025-05-12T18:12
2025-05-13,34.5,24.6,41.0,30.4,0.0,0.0,12.8,25.2,3,44797.4,2025-05-13T05:46,2025-05-13T18:12
2025-05-14,33.8,25.0,40.3,30.2,7.3,7.3,13.2,32.8,63,44814.65,2025-05-14T05:46,2025-05-14T18:13
2025-05-15,33.2,25.0,41.0,30.8,8.7,8.7,14.3,24.5,63,44831.62,2025-05-15T05:46,2025-05-15T18:13
2025-05-16,32.3,25.0,38.7,31.0,1.7,1.7,7.7,25.9,61,44848.29,2025-05-16T05:45,2025-05-16T18:13
2025-05-17,32.0,25.0,39.6,30.6,9.2,9.2,9.4,28.1,63,44864.64,2025-05-17T05:45,2025-05-17T18:13
2025-05-18,32.8,24.3,39.9,29.6,7.0,7.0,7.7,29.5,63,44880.65,2025-05-18T05:45,2025-05-18T18:13
2025-05-19,32.5,24.8,40.5,29.7,9.1,9.1,11.4,30.6,63,44896.32,2025-05-19T05:45,2025-05-19T18:13
2025-05-20,31.6,24.4,38.7,29.6,0.9,0.9,10.8,26.6,51,44911.61,2025-05-20T05:45,2025-05-20T18:14
2025-05-21,32.6,24.6,38.3,30.1,0.9,0.9,7.8,22.7,53,44926.5,2025-05-21T05:45,2025-05-21T18:14
2025-05-22,33.4,25.1,40.2,31.0,6.5,6.5,7.5,24.1,63,44940.98,2025-05-22T05:45,2025-05-22T18:14
2025-05-23,33.8,24.9,41.6,30.5,0.5,0.5,8.9,18.0,51,44955.04,2025-05-23T05:45,2025-05-23T18:14
2025-05-24,31.5,25.4,38.7,30.4,0.8,0.8,17.4,31.7,53,44968.64,2025-05-24T05:45,2025-05-24T18:14
2025-05-25,33.0,26.1,39.9,31.4,0.0,0.0,18.6,35.3,3,44981.77,2025-05-25T05:45,2025-05-25T18:15
2025-05-26,34.0,25.7,39.1,31.3,0.1,0.1,12.7,27.0,51,44994.41,2025-05-26T05:45,2025-05-26T18:15
2025-05-27,33.4,26.0,39.8,30.1,0.1,0.1,12.9,23.0,51,45006.55,2025-05-27T05:45,2025-05-27T18:15
2025-05-28,34.8,24.5,40.3,29.9,0.0,0.0,23.7,44.3,3,45018.29,2025-05-28T05:45,2025-05-28T18:15
2025-05-29,34.7,25.4,41.4,29.5,0.1,0.1,15.5,41.8,51,45029.64,2025-05-29T05:45,2025-05-29T18:15
2025-05-30,33.7,25.6,40.4,29.1,3.9,3.9,15.4,35.3,63,45040.61,2025-05-30T05:45,2025-05-30T18:16
2025-05-31,34.0,24.9,38.9,29.5,1.0,1.0,24.4,48.2,53,45051.17,2025-05-31T05:45,2025-05-31T18:16
2025-06-01,33.7,24.4,40.7,29.3,1.6,1.6,7.1,24.1,61,45061.32,2025-06-01T05:45,2025-06-01T18:16
2025-06-02,34.7,24.8,41.1,30.2,0.0,0.0,14.2,27.0,3,45071.06,2025-06-02T05:45,2025-06-02T18:16
2025-06-03,34.3,24.4,41.5,30.0,1.3,1.3,12.4,25.9,55,45080.36,2025-06-03T05:45,2025-06-03T18:17
2025-06-04,35.0,25.7,40.8,32.3,0.5,0.5,12.4,26.3,51,45089.21,2025-06-04T05:45,2025-06-04T18:17
2025-06-05,33.7,25.4,40.4,31.2,1.1,1.1,15.5,26.6,55,45097.61,2025-06-05T05:45,2025-06-05T18:17
2025-06-06,33.9,24.9,40.3,30.7,0.0,0.0,13.2,27.0,3,45105.56,2025-06-06T05:46,2025-06-06T18:17
2025-06-07,35.0,24.7,40.5,29.7,0.0,0.0,16.9,32.0,3,45113.02,2025-06-07T05:46,2025-06-07T18:18
2025-06-08,33.8,24.0,39.8,29.0,0.0,0.0,16.4,36.0,3,45120.01,2025-06-08T05:46,2025-06-08T18:18
2025-06-09,35.0,23.5,39.1,28.3,0.1,0.1,16.7,32.8,51,45126.5,2025-06-09T05:46,2025-06-09T18:18
2025-06-10,35.6,24.5,40.7,28.9,8.8,8.8,17.8,45.7,63,45132.48,2025-06-10T05:46,2025-06-10T18:18
2025-06-11,33.0,24.8,40.0,29.1,4.7,4.7,14.0,30.6,63,45137.96,2025-06-11T05:46,2025-06-11T18:19
2025-06-12,33.7,25.5,39.6,29.6,1.2,1.2,12.6,32.0,55,45142.91,2025-06-12T05:46,2025-06-12T18:19
2025-06-13,33.6,25.5,39.6,29.2,0.3,0.3,12.2,29.9,51,45147.32,2025-06-13T05:47,2025-06-13T18:19
2025-06-14,34.3,25.9,38.8,29.1,0.8,0.8,19.0,39.2,51,45151.19,2025-06-14T05:47,2025-06-14T18:19
2025-06-15,31.6,25.4,35.5,29.4,0.0,0.0,15.7,32.0,3,45154.5,2025-06-15T05:47,2025-06-15T18:20
2025-06-16,33.4,25.5,38.1,29.1,1.0,1.0,22.7,40.3,53,45157.26,2025-06-16T05:47,2025-06-16T18:20
2025-06-17,32.4,24.5,37.3,28.3,0.1,0.1,17.6,39.6,51,45159.47,2025-06-17T05:47,2025-06-17T18:20
2025-06-18,34.7,24.5,40.0,30.0,1.1,1.1,16.9,33.5,51,45161.15,2025-06-18T05:47,2025-06-18T18:20
2025-06-19,34.3,25.1,40.6,30.2,3.1,3.1,9.5,29.2,63,45162.29,2025-06-19T05:48,2025-06-19T18:20
2025-06-20,33.3,25.1,40.5,29.7,1.7,1.7,10.4,25.6,55,45162.91,2025-06-20T05:48,2025-06-20T18:21
2025-06-21,34.7,25.1,39.3,29.8,1.0,1.0,15.5,32.0,53,45163.0,2025-06-21T05:48,2025-06-21T18:21
2025-06-22,33.8,25.0,39.1,30.2,0.9,0.9,9.4,29.2,53,45162.57,2025-06-22T05:48,2025-06-22T18:21
2025-06-23,34.8,24.3,37.3,29.4,0.1,0.1,21.2,41.4,51,45161.62,2025-06-23T05:49,2025-06-23T18:21
2025-06-24,35.1,23.5,37.4,27.9,0.0,0.0,24.3,45.4,3,45160.16,2025-06-24T05:49,2025-06-24T18:21
2025-06-25,35.5,23.8,40.0,28.2,0.1,0.1,16.2,32.4,51,45158.18,2025-06-25T05:49,2025-06-25T18:22
2025-06-26,35.9,24.8,41.1,29.6,1.9,1.9,14.0,29.9,53,45155.7,2025-06-26T05:49,2025-06-26T18:22
2025-06-27,34.5,25.0,41.5,30.8,0.3,0.3,16.1,33.5,51,45152.71,2025-06-27T05:50,2025-06-27T18:22
2025-06-28,32.8,25.0,38.7,29.9,0.2,0.2,10.7,29.2,51,45149.23,2025-06-28T05:50,2025-06-28T18:22
2025-06-29,33.2,25.5,37.2,30.4,0.0,0.0,16.6,36.0,3,45145.25,2025-06-29T05:50,2025-06-29T18:22
2025-06-30,35.6,23.8,40.5,28.8,0.8,0.8,18.5,36.0,53,45140.79,2025-06-30T05:50,2025-06-30T18:23
2025-07-01,35.5,24.2,40.4,28.8,0.0,0.0,9.9,21.6,3,45135.84,2025-07-01T05:51,2025-07-01T18:23
2025-07-02,36.5,24.3,39.7,28.8,0.0,0.0,21.1,40.3,3,45130.4,2025-07-02T05:51,2025-07-02T18:23
2025-07-03,35.2,25.0,40.9,29.8,0.9,0.9,15.9,31.7,51,45124.5,2025-07-03T05:51,2025-07-03T18:23
2025-07-04,36.4,24.9,38.7,29.9,0.1,0.1,24.1,45.7,51,45118.13,2025-07-04T05:51,2025-07-04T18:23
2025-07-05,36.7,24.9,40.0,28.7,0.6,0.6,18.8,37.4,51,45111.29,2025-07-05T05:51,2025-07-05T18:23
2025-07-06,35.7,24.5,39.0,29.4,0.6,0.6,24.8,43.2,53,45104.0,2025-07-06T05:52,2025-07-06T18:23
2025-07-07,36.5,24.5,40.0,29.2,0.3,0.3,23.6,40.7,51,45096.17,2025-07-07T05:52,2025-07-07T18:23
2025-07-08,36.5,24.2,39.8,29.0,0.0,0.0,20.2,40.0,3,45087.8,2025-07-08T05:52,2025-07-08T18:24
2025-07-09,35.8,25.0,40.8,30.0,0.6,0.6,15.5,37.1,51,45078.9,2025-07-09T05:52,2025-07-09T18:24
2025-07-10,35.4,24.7,41.2,30.4,0.5,0.5,15.0,31.3,53,45069.49,2025-07-10T05:53,2025-07-10T18:24
2025-07-11,34.9,25.5,42.1,31.9,1.0,1.0,10.7,23.8,53,45059.58,2025-07-11T05:53,2025-07-11T18:24
2025-07-12,35.5,25.6,38.7,30.7,0.4,0.4,23.0,44.6,51,45049.2,2025-07-12T05:53,2025-07-12T18:24
2025-07-13,37.2,25.1,40.9,30.1,0.1,0.1,23.9,41.4,51,45038.35,2025-07-13T05:53,2025-07-13T18:24
2025-07-14,36.1,24.5,38.8,29.1,0.0,0.0,33.7,62.3,3,45027.05,2025-07-14T05:53,2025-07-14T18:24
2025-07-15,36.0,25.3,38.3,29.7,2.8,2.8,25.8,49.7,61,45015.33,2025-07-15T05:54,2025-07-15T18:24
2025-07-16,35.3,25.1,41.7,29.7,11.1,11.1,16.5,33.8,65,45003.19,2025-07-16T05:54,2025-07-16T18:24
2025-07-17,33.5,25.5,39.0,29.0,0.1,0.1,18.2,32.0,51,44990.64,2025-07-17T05:54,2025-07-17T18:24
2025-07-18,35.4,25.0,38.7,29.1,0.2,0.2,29.3,54.7,51,44977.72,2025-07-18T05:54,2025-07-18T18:24
2025-07-19,33.1,25.5,33.7,29.5,0.0,0.0,31.3,59.0,3,44964.43,2025-07-19T05:54,2025-07-19T18:24
2025-07-20,32.5,25.5,34.1,28.9,0.7,0.7,23.4,44.6,53,44950.78,2025-07-20T05:55,2025-07-20T18:24
2025-07-21,32.5,24.5,37.0,30.2,2.7,2.7,10.8,27.4,61,44936.8,2025-07-21T05:55,2025-07-21T18:24
2025-07-22,33.2,24.5,38.9,28.9,1.3,1.3,10.3,21.2,53,44922.5,2025-07-22T05:55,2025-07-22T18:24
2025-07-23,33.8,24.2,37.5,28.4,0.2,0.2,12.5,25.9,51,44907.89,2025-07-23T05:55,2025-07-23T18:23
2025-07-24,35.2,25.4,39.1,29.8,0.0,0.0,25.4,46.1,3,44892.99,2025-07-24T05:55,2025-07-24T18:23
2025-07-25,36.0,24.4,38.4,28.3,3.4,3.4,31.6,59.8,55,44877.82,2025-07-25T05:55,2025-07-25T18:23
2025-07-26,34.5,24.8,36.0,29.2,0.8,0.8,26.3,49.7,51,44862.37,2025-07-26T05:55,2025-07-26T18:23
2025-07-27,37.3,25.2,39.2,29.4,0.9,0.9,26.0,49.7,53,44846.54,2025-07-27T05:56,2025-07-27T18:23
2025-07-28,36.8,25.1,40.9,29.1,2.0,2.0,15.9,29.9,53,44830.29,2025-07-28T05:56,2025-07-28T18:23
2025-07-29,37.1,25.6,42.4,29.7,0.9,0.9,20.6,41.0,53,44813.63,2025-07-29T05:56,2025-07-29T18:23
2025-07-30,35.7,26.1,40.2,31.7,0.7,0.7,15.8,29.5,51,44796.59,2025-07-30T05:56,2025-07-30T18:22
2025-07-31,36.8,26.1,42.2,30.9,0.4,0.4,12.5,29.5,51,44779.2,2025-07-31T05:56,2025-07-31T18:22
2025-08-01,34.0,25.3,40.1,30.8,10.3,10.3,11.2,34.6,63,44761.46,2025-08-01T05:56,2025-08-01T18:22
2025-08-02,33.8,24.4,40.6,29.9,3.7,3.7,10.1,27.7,63,44743.4,2025-08-02T05:56,2025-08-02T18:22
2025-08-03,30.0,23.5,35.0,28.5,11.6,11.6,11.7,24.8,63,44725.04,2025-08-03T05:56,2025-08-03T18:22
2025-08-04,32.6,24.2,39.0,29.9,3.8,3.8,8.0,22.7,63,44706.41,2025-08-04T05:56,2025-08-04T18:21
2025-08-05,32.0,24.0,39.2,29.0,1.7,1.7,8.9,27.7,55,44687.51,2025-08-05T05:56,2025-08-05T18:21
2025-08-06,32.8,23.8,39.8,28.2,2.4,2.4,11.4,27.7,53,44668.37,2025-08-06T05:56,2025-08-06T18:21
2025-08-07,32.8,24.6,38.8,29.4,0.0,0.0,12.4,29.5,3,44649.01,2025-08-07T05:56,2025-08-07T18:21
2025-08-08,32.9,25.2,37.6,29.6,2.0,2.0,12.3,26.3,55,44629.43,2025-08-08T05:56,2025-08-08T18:20
2025-08-09,34.2,24.4,38.8,28.2,0.0,0.0,12.6,25.2,3,44609.68,2025-08-09T05:56,2025-08-09T18:20
2025-08-10,35.5,24.2,39.7,28.5,0.0,0.0,10.2,23.4,3,44589.75,2025-08-10T05:56,2025-08-10T18:20
2025-08-11,34.6,24.4,40.5,28.0,1.1,1.1,11.3,25.6,55,44569.67,2025-08-11T05:56,2025-08-11T18:19
2025-08-12,34.1,24.5,38.4,29.7,0.0,0.0,20.8,40.7,3,44549.46,2025-08-12T05:57,2025-08-12T18:19
2025-08-13,34.9,24.4,39.2,29.1,0.7,0.7,25.0,44.6,53,44529.13,2025-08-13T05:57,2025-08-13T18:19
2025-08-14,35.8,24.2,39.9,28.5,0.0,0.0,9.7,28.1,3,44508.7,2025-08-14T05:57,2025-08-14T18:18
2025-08-15,35.5,24.1,38.1,28.7,0.1,0.1,25.2,49.0,51,44488.17,2025-08-15T05:56,2025-08-15T18:18
2025-08-16,34.8,24.1,35.4,28.0,0.0,0.0,32.0,56.9,3,44467.41,2025-08-16T05:56,2025-08-16T18:18
2025-08-17,34.8,24.8,38.9,29.0,0.4,0.4,25.6,47.5,51,44446.38,2025-08-17T05:56,2025-08-17T18:17
2025-08-18,36.4,24.5,38.5,28.4,0.0,0.0,27.5,52.9,3,44425.09,2025-08-18T05:56,2025-08-18T18:17
2025-08-19,38.4,23.4,40.6,27.5,0.0,0.0,22.0,45.4,3,44403.56,2025-08-19T05:56,2025-08-19T18:16
2025-08-20,36.5,23.7,41.3,27.6,0.0,0.0,18.5,34.9,3,44381.82,2025-08-20T05:56,2025-08-20T18:16
2025-08-21,35.5,24.5,40.9,30.1,0.3,0.3,15.0,31.0,51,44359.88,2025-08-21T05:56,2025-08-21T18:16
2025-08-22,35.8,24.7,41.3,29.8,0.0,0.0,14.9,34.2,3,44337.75,2025-08-22T05:56,2025-08-22T18:15
2025-08-23,36.2,25.0,40.8,29.7,5.2,5.2,17.1,43.9,61,44315.47,2025-08-23T05:56,2025-08-23T18:15
2025-08-24,36.0,24.6,40.1,30.2,0.8,0.8,20.3,39.6,51,44293.04,2025-08-24T05:56,2025-08-24T18:14
2025-08-25,36.0,24.5,41.6,29.2,0.4,0.4,18.2,36.4,51,44270.48,2025-08-25T05:56,2025-08-25T18:14
2025-08-26,36.5,24.8,40.9,29.8,0.3,0.3,19.4,38.9,51,44247.81,2025-08-26T05:56,2025-08-26T18:13
2025-08-27,35.6,23.8,40.4,29.1,0.3,0.3,14.2,28.4,51,44225.05,2025-08-27T05:56,2025-08-27T18:13
2025-08-28,37.0,25.0,42.2,29.5,0.1,0.1,14.2,33.8,51,44202.22,2025-08-28T05:56,2025-08-28T18:12
2025-08-29,36.5,26.0,42.1,29.8,1.0,1.0,12.9,29.2,51,44179.32,2025-08-29T05:55,2025-08-29T18:12
2025-08-30,37.5,25.8,41.9,30.5,1.5,1.5,20.9,40.3,55,44156.38,2025-08-30T05:55,2025-08-30T18:11
2025-08-31,37.1,26.4,40.0,31.0,3.4,3.4,20.6,48.2,61,44133.4,2025-08-31T05:55,2025-08-31T18:11
2025-09-01,38.7,25.5,40.6,29.8,0.7,0.7,23.1,47.5,51,44110.42,2025-09-01T05:55,2025-09-01T18:10
2025-09-02,38.0,24.9,40.3,30.2,0.1,0.1,18.5,41.8,51,44087.43,2025-09-02T05:55,2025-09-02T18:10
2025-09-03,38.7,24.4,41.0,28.2,0.6,0.6,14.6,34.6,53,44064.46,2025-09-03T05:55,2025-09-03T18:09
2025-09-04,38.3,24.2,41.0,28.2,0.6,0.6,15.4,35.6,51,44041.52,2025-09-04T05:55,2025-09-04T18:09
2025-09-05,37.2,24.5,42.5,29.2,0.7,0.7,16.7,36.0,53,44018.46,2025-09-05T05:55,2025-09-05T18:08
2025-09-06,37.8,25.0,43.0,30.0,21.0,21.0,16.8,42.1,63,43995.24,2025-09-06T05:54,2025-09-06T18:08
2025-09-07,36.5,24.7,42.8,30.7,0.6,0.6,15.9,33.1,51,43971.87,2025-09-07T05:54,2025-09-07T18:07
2025-09-08,34.8,24.6,41.6,29.3,8.0,8.0,14.1,32.0,63,43948.37,2025-09-08T05:54,2025-09-08T18:07
2025-09-09,35.1,24.4,41.0,30.1,2.4,2.4,12.9,34.9,55,43924.75,2025-09-09T05:54,2025-09-09T18:06
2025-09-10,34.8,25.0,42.1,30.8,11.9,11.9,13.4,33.5,65,43901.04,2025-09-10T05:54,2025-09-10T18:06
2025-09-11,34.0,24.6,39.4,30.1,1.9,1.9,8.7,24.5,61,43877.25,2025-09-11T05:54,2025-09-11T18:05
2025-09-12,35.2,24.5,41.9,29.7,0.9,0.9,14.6,31.7,53,43853.38,2025-09-12T05:54,2025-09-12T18:04
2025-09-13,34.5,24.8,41.3,29.8,0.1,0.1,12.2,29.2,51,43829.47,2025-09-13T05:53,2025-09-13T18:04
2025-09-14,34.0,24.6,40.0,30.0,1.4,1.4,10.4,25.2,55,43805.52,2025-09-14T05:53,2025-09-14T18:03
2025-09-15,34.5,25.6,40.5,31.5,2.8,2.8,11.9,32.8,55,43781.56,2025-09-15T05:53,2025-09-15T18:03
2025-09-16,34.1,25.9,41.2,31.4,12.7,12.7,17.5,36.0,63,43757.58,2025-09-16T05:53,2025-09-16T18:02
2025-09-17,33.2,24.9,40.7,30.7,5.3,5.3,8.6,27.4,63,43733.62,2025-09-17T05:53,2025-09-17T18:02
2025-09-18,33.5,25.0,39.9,30.0,8.6,8.6,9.7,23.4,63,43709.68,2025-09-18T05:53,2025-09-18T18:01
2025-09-19,31.6,25.3,37.7,29.6,2.6,2.6,10.4,21.6,61,43685.78,2025-09-19T05:52,2025-09-19T18:01
2025-09-20,34.2,24.2,40.2,28.2,0.1,0.1,10.8,25.2,51,43661.94,2025-09-20T05:52,2025-09-20T18:00
2025-09-21,34.3,24.6,40.5,28.7,1.5,1.5,11.2,29.2,55,43638.16,2025-09-21T05:52,2025-09-21T17:59
2025-09-22,35.0,25.0,40.7,28.9,0.8,0.8,10.8,28.4,53,43614.47,2025-09-22T05:52,2025-09-22T17:59
2025-09-23,35.3,24.5,40.7,28.9,0.1,0.1,9.6,24.8,51,43590.88,2025-09-23T05:52,2025-09-23T17:58
2025-09-24,34.8,24.5,40.9,28.8,6.2,6.2,10.4,31.0,63,43567.39,2025-09-24T05:52,2025-09-24T17:58
2025-09-25,34.0,25.2,40.2,28.8,10.9,10.9,13.8,31.7,65,43543.85,2025-09-25T05:52,2025-09-25T17:57
2025-09-26,32.5,24.8,37.5,28.9,1.7,1.7,13.8,29.5,61,43520.23,2025-09-26T05:51,2025-09-26T17:57
2025-09-27,35.1,25.3,39.7,28.8,0.0,0.0,19.6,38.9,3,43496.53,2025-09-27T05:51,2025-09-27T17:56
2025-09-28,37.0,25.0,40.5,29.5,0.0,0.0,12.2,27.7,3,43472.78,2025-09-28T05:51,2025-09-28T17:56
2025-09-29,37.1,23.9,41.3,28.5,0.5,0.5,18.6,36.7,51,43448.98,2025-09-29T05:51,2025-09-29T17:55
2025-09-30,37.8,24.6,38.4,29.0,0.3,0.3,28.9,54.0,51,43425.15,2025-09-30T05:51,2025-09-30T17:55
2025-10-01,38.1,23.5,40.0,28.4,0.2,0.2,21.8,46.8,51,43401.31,2025-10-01T05:51,2025-10-01T17:54
2025-10-02,36.7,25.0,41.5,29.9,0.4,0.4,17.7,37.8,51,43377.49,2025-10-02T05:51,2025-10-02T17:54
2025-10-03,35.3,25.8,40.6,30.4,6.9,6.9,15.2,33.5,63,43353.68,2025-10-03T05:50,2025-10-03T17:53
2025-10-04,34.2,24.2,40.4,29.8,35.9,35.9,12.2,34.9,65,43329.91,2025-10-04T05:50,2025-10-04T17:53
2025-10-05,33.2,23.6,39.2,28.1,8.9,8.9,10.1,25.9,65,43306.2,2025-10-05T05:50,2025-10-05T17:52
2025-10-06,33.2,24.0,40.6,29.4,7.8,7.8,19.2,38.9,63,43282.55,2025-10-06T05:50,2025-10-06T17:52
2025-10-07,32.9,24.5,40.2,30.2,0.4,0.4,12.0,24.5,51,43258.99,2025-10-07T05:50,2025-10-07T17:51
2025-10-08,33.3,24.5,39.4,30.3,4.0,4.0,12.8,26.6,63,43235.54,2025-10-08T05:50,2025-10-08T17:51
2025-10-09,32.9,24.4,40.4,30.2,8.1,8.1,10.1,27.7,63,43212.21,2025-10-09T05:50,2025-10-09T17:50
2025-10-10,32.0,24.5,39.1,29.2,8.7,8.7,13.0,29.2,63,43189.01,2025-10-10T05:50,2025-10-10T17:50
2025-10-11,33.2,24.0,38.6,29.8,0.4,0.4,11.7,26.3,51,43165.96,2025-10-11T05:50,2025-10-11T17:49
2025-10-12,32.0,24.7,38.0,30.0,0.7,0.7,13.8,28.1,51,43143.08,2025-10-12T05:50,2025-10-12T17:49
2025-10-13,33.0,23.8,39.7,29.3,3.1,3.1,13.0,24.5,55,43120.39,2025-10-13T05:50,2025-10-13T17:48
2025-10-14,31.9,24.1,37.2,29.5,1.4,1.4,16.4,32.8,51,43097.89,2025-10-14T05:50,2025-10-14T17:48
2025-10-15,32.0,24.5,38.6,29.5,17.2,17.2,13.5,30.2,63,43075.42,2025-10-15T05:50,2025-10-15T17:47
2025-10-16,31.5,23.9,37.2,28.8,5.3,5.3,16.3,32.8,61,43052.94,2025-10-16T05:50,2025-10-16T17:47
2025-10-17,32.2,24.6,38.7,29.7,26.3,26.3,12.0,24.1,65,43030.45,2025-10-17T05:50,2025-10-17T17:47
2025-10-18,31.6,24.0,39.0,29.2,18.3,18.3,8.2,25.9,65,43007.99,2025-10-18T05:50,2025-10-18T17:46
2025-10-19,32.0,23.9,38.9,28.6,43.2,43.2,14.7,29.9,65,42985.56,2025-10-19T05:50,2025-10-19T17:46
2025-10-20,27.0,23.9,32.8,28.3,36.5,36.5,7.3,16.6,63,42963.18,2025-10-20T05:50,2025-10-20T17:46
2025-10-21,28.8,23.6,34.2,28.4,12.6,12.6,8.1,19.1,63,42940.88,2025-10-21T05:50,2025-10-21T17:45
2025-10-22,31.9,23.6,38.0,28.0,2.5,2.5,11.9,28.1,63,42918.68,2025-10-22T05:50,2025-10-22T17:45
2025-10-23,30.1,24.4,35.1,28.8,0.8,0.8,8.3,18.0,53,42896.59,2025-10-23T05:50,2025-10-23T17:45
2025-10-24,30.0,24.6,35.6,30.8,5.3,5.3,10.2,34.2,63,42874.62,2025-10-24T05:50,2025-10-24T17:44
2025-10-25,32.0,24.4,37.6,30.2,2.6,2.6,14.0,37.4,53,42852.82,2025-10-25T05:50,2025-10-25T17:44
2025-10-26,31.5,23.9,36.1,28.3,0.0,0.0,17.1,33.1,3,42831.18,2025-10-26T05:50,2025-10-26T17:44
2025-10-27,33.2,23.0,36.3,27.7,0.0,0.0,23.2,43.6,3,42809.74,2025-10-27T05:50,2025-10-27T17:43
2025-10-28,32.9,23.5,39.6,28.0,0.0,0.0,7.3,24.1,3,42788.51,2025-10-28T05:50,2025-10-28T17:43
2025-10-29,34.5,23.3,39.1,27.9,0.0,0.0,16.8,32.4,1,42767.51,2025-10-29T05:50,2025-10-29T17:43
2025-10-30,33.7,24.3,38.8,30.0,0.3,0.3,13.4,27.7,51,42746.77,2025-10-30T05:50,2025-10-30T17:43
2025-10-31,33.0,23.8,38.5,29.4,0.1,0.1,9.4,20.2,51,42726.3,2025-10-31T05:50,2025-10-31T17:42
2025-11-01,32.8,24.4,38.8,29.7,3.5,3.5,13.6,28.1,63,42706.13,2025-11-01T05:50,2025-11-01T17:42
2025-11-02,33.1,24.2,40.5,29.5,0.5,0.5,11.2,24.8,51,42686.28,2025-11-02T05:51,2025-11-02T17:42
2025-11-03,34.5,23.6,39.4,28.7,0.0,0.0,14.4,29.9,3,42666.75,2025-11-03T05:51,2025-11-03T17:42
2025-11-04,34.3,23.7,39.6,29.1,0.0,0.0,13.2,26.6,3,42647.39,2025-11-04T05:51,2025-11-04T17:42
2025-11-05,33.8,24.1,37.2,29.2,0.1,0.1,13.8,26.6,51,42628.13,2025-11-05T05:51,2025-11-05T17:42
2025-11-06,33.1,23.7,39.2,29.0,7.1,7.1,10.0,23.8,63,42609.01,2025-11-06T05:51,2025-11-06T17:41
2025-11-07,30.8,24.3,37.5,29.1,16.0,16.0,15.1,32.0,65,42590.03,2025-11-07T05:52,2025-11-07T17:41
2025-11-08,31.0,24.0,37.2,29.2,3.2,3.2,14.2,26.6,53,42571.23,2025-11-08T05:52,2025-11-08T17:41
2025-11-09,31.2,24.3,35.7,27.9,1.8,1.8,14.7,28.4,53,42552.61,2025-11-09T05:52,2025-11-09T17:41
2025-11-10,32.2,23.6,38.4,28.5,23.2,23.2,9.3,25.6,65,42534.2,2025-11-10T05:52,2025-11-10T17:41
2025-11-11,31.8,23.9,37.0,28.2,26.3,26.3,11.6,34.9,65,42516.03,2025-11-11T05:53,2025-11-11T17:41
2025-11-12,30.5,23.9,36.3,28.5,6.1,6.1,11.5,25.6,63,42498.11,2025-11-12T05:53,2025-11-12T17:41
2025-11-13,29.9,23.0,34.4,27.5,14.4,14.4,15.5,33.8,63,42480.46,2025-11-13T05:53,2025-11-13T17:41
2025-11-14,28.9,23.4,32.9,28.1,11.0,11.0,15.2,33.8,61,42463.12,2025-11-14T05:53,2025-11-14T17:41
2025-11-15,29.5,23.3,34.4,27.2,28.1,28.1,18.6,36.4,63,42446.09,2025-11-15T05:54,2025-11-15T17:41
2025-11-16,29.1,23.2,34.5,27.4,26.7,26.7,13.3,28.8,63,42429.41,2025-11-16T05:54,2025-11-16T17:41
2025-11-17,29.0,23.2,35.3,27.8,30.3,30.3,10.6,21.6,65,42413.08,2025-11-17T05:54,2025-11-17T17:41
2025-11-18,29.2,23.0,34.7,27.5,18.1,18.1,13.2,28.8,63,42397.15,2025-11-18T05:55,2025-11-18T17:41
2025-11-19,30.1,22.5,36.6,26.9,0.4,0.4,13.0,27.4,51,42381.64,2025-11-19T05:55,2025-11-19T17:41
2025-11-20,29.9,23.6,35.4,27.3,25.0,25.0,11.9,27.7,65,42366.55,2025-11-20T05:55,2025-11-20T17:41
2025-11-21,30.4,23.2,37.3,28.1,19.2,19.2,11.3,28.1,65,42351.92,2025-11-21T05:56,2025-11-21T17:42
2025-11-22,29.2,23.8,35.6,28.8,16.9,16.9,10.1,26.3,61,42337.78,2025-11-22T05:56,2025-11-22T17:42
2025-11-23,27.1,22.9,31.9,27.8,37.9,37.9,15.0,28.4,63,42324.13,2025-11-23T05:56,2025-11-23T17:42
2025-11-24,25.6,23.4,30.8,28.1,39.1,39.1,13.7,27.4,63,42310.84,2025-11-24T05:57,2025-11-24T17:42
2025-11-25,25.2,23.0,30.0,26.9,61.7,61.7,19.0,36.4,63,42297.86,2025-11-25T05:57,2025-11-25T17:42
2025-11-26,25.6,23.7,29.8,26.5,61.5,61.5,24.7,36.0,65,42285.22,2025-11-26T05:58,2025-11-26T17:42
2025-11-27,26.8,23.3,31.0,25.4,54.1,54.1,32.0,59.4,63,42272.92,2025-11-27T05:58,2025-11-27T17:43
2025-11-28,28.5,22.2,33.5,24.7,6.3,6.3,16.8,39.6,61,42260.98,2025-11-28T05:58,2025-11-28T17:43
2025-11-29,29.8,21.6,36.4,24.0,1.6,1.6,14.2,28.8,53,42249.41,2025-11-29T05:59,2025-11-29T17:43
2025-11-30,30.6,22.0,37.5,25.8,0.1,0.1,10.8,21.6,51,42238.23,2025-11-30T05:59,2025-11-30T17:43
2025-12-01,30.8,22.1,37.6,26.8,0.3,0.3,9.3,20.5,51,42227.46,2025-12-01T06:00,2025-12-01T17:44
2025-12-02,31.3,22.5,37.4,27.2,0.0,0.0,11.6,23.4,3,42217.12,2025-12-02T06:00,2025-12-02T17:44
2025-12-03,30.4,23.2,36.5,28.0,1.3,1.3,9.0,20.2,51,42207.22,2025-12-03T06:01,2025-12-03T17:44
2025-12-04,30.4,23.1,35.5,27.8,12.0,12.0,15.8,31.3,63,42197.77,2025-12-04T06:01,2025-12-04T17:45
2025-12-05,28.4,22.9,34.2,27.3,18.6,18.6,16.9,34.9,63,42188.8,2025-12-05T06:02,2025-12-05T17:45
2025-12-06,30.1,23.0,35.3,27.5,2.5,2.5,14.0,28.8,55,42180.31,2025-12-06T06:02,2025-12-06T17:45
2025-12-07,29.4,23.0,35.1,27.4,7.8,7.8,11.4,28.1,61,42172.33,2025-12-07T06:03,2025-12-07T17:46
2025-12-08,30.0,23.2,33.8,26.5,0.4,0.4,20.2,38.2,51,42164.87,2025-12-08T06:03,2025-12-08T17:46
2025-12-09,27.1,23.1,31.7,27.0,31.0,31.0,13.6,32.8,63,42157.95,2025-12-09T06:04,2025-12-09T17:46
2025-12-10,27.2,22.7,33.1,26.7,32.0,32.0,10.0,20.5,63,42151.57,2025-12-10T06:04,2025-12-10T17:47
2025-12-11,27.1,22.8,31.5,26.3,38.7,38.7,15.0,33.1,65,42145.77,2025-12-11T06:05,2025-12-11T17:47
2025-12-12,29.2,22.8,35.5,27.0,2.7,2.7,11.8,26.6,53,42140.55,2025-12-12T06:05,2025-12-12T17:48
2025-12-13,28.5,22.8,33.7,25.8,2.4,2.4,13.9,29.2,55,42135.93,2025-12-13T06:06,2025-12-13T17:48
2025-12-14,27.4,22.6,31.7,25.9,3.4,3.4,18.0,36.4,53,42131.86,2025-12-14T06:06,2025-12-14T17:48
2025-12-15,27.9,22.4,31.0,25.4,4.0,4.0,21.7,41.4,53,42128.3,2025-12-15T06:07,2025-12-15T17:49
2025-12-16,28.9,22.5,34.2,26.1,4.2,4.2,14.6,28.8,53,42125.28,2025-12-16T06:07,2025-12-16T17:49
2025-12-17,25.7,22.8,30.8,27.0,25.5,25.5,14.6,33.8,63,42122.77,2025-12-17T06:08,2025-12-17T17:50
2025-12-18,27.8,23.0,32.7,27.0,20.0,20.0,15.2,36.0,61,42120.79,2025-12-18T06:08,2025-12-18T17:50
2025-12-19,27.0,22.2,30.6,26.1,7.6,7.6,16.7,33.8,61,42119.33,2025-12-19T06:09,2025-12-19T17:51
2025-12-20,27.6,23.2,31.6,27.1,1.3,1.3,18.1,36.4,51,42118.39,2025-12-20T06:09,2025-12-20T17:51
2025-12-21,27.3,22.7,30.4,26.4,1.9,1.9,16.6,35.3,53,42117.98,2025-12-21T06:10,2025-12-21T17:52
2025-12-22,28.9,23.2,31.5,26.7,1.5,1.5,19.6,37.4,53,42118.1,2025-12-22T06:10,2025-12-22T17:52
2025-12-23,28.1,22.2,32.7,25.1,2.0,2.0,15.9,32.8,53,42118.73,2025-12-23T06:11,2025-12-23T17:53
2025-12-24,28.4,22.5,33.1,25.7,2.8,2.8,15.8,30.6,61,42119.89,2025-12-24T06:11,2025-12-24T17:53
2025-12-25,28.7,22.6,31.2,25.7,0.9,0.9,16.8,33.5,51,42121.57,2025-12-25T06:12,2025-12-25T17:54
2025-12-26,28.5,22.0,32.3,24.5,0.7,0.7,16.7,32.0,51,42123.77,2025-12-26T06:12,2025-12-26T17:54
2025-12-27,27.2,23.1,31.4,26.6,4.6,4.6,14.9,30.6,55,42126.48,2025-12-27T06:13,2025-12-27T17:55
2025-12-28,27.4,22.8,31.7,26.6,2.4,2.4,16.6,32.0,53,42129.72,2025-12-28T06:13,2025-12-28T17:55
2025-12-29,28.2,22.9,32.9,26.9,0.8,0.8,17.6,34.2,51,42133.47,2025-12-29T06:14,2025-12-29T17:56
2025-12-30,28.8,23.5,32.6,27.4,1.1,1.1,18.6,38.9,51,42137.73,2025-12-30T06:14,2025-12-30T17:56
2025-12-31,29.0,23.1,34.8,27.2,18.9,18.9,13.5,30.6,63,42142.51,2025-12-31T06:15,2025-12-31T17:57
2026-01-01,26.3,22.8,30.9,25.9,16.6,16.6,15.7,31.7,63,42147.8,2026-01-01T06:15,2026-01-01T17:57
2026-01-02,28.8,22.9,31.3,26.8,9.4,9.4,20.5,38.5,63,42153.61,2026-01-02T06:15,2026-01-02T17:58
2026-01-03,29.1,23.4,31.2,26.5,3.0,3.0,24.2,45.0,61,42159.98,2026-01-03T06:16,2026-01-03T17:58
2026-01-04,27.4,22.6,30.9,25.5,5.0,5.0,21.2,41.8,53,42166.95,2026-01-04T06:16,2026-01-04T17:59
2026-01-05,27.9,22.7,31.7,26.0,5.7,5.7,17.3,34.2,55,42174.49,2026-01-05T06:16,2026-01-05T17:59
2026-01-06,25.2,23.1,29.3,26.7,31.0,31.0,18.5,35.3,63,42182.58,2026-01-06T06:17,2026-01-06T18:00
2026-01-07,27.6,22.5,29.0,25.2,1.4,1.4,26.2,49.3,53,42191.21,2026-01-07T06:17,2026-01-07T18:00
2026-01-08,25.1,22.5,28.5,24.4,10.1,10.1,23.6,41.0,61,42200.36,2026-01-08T06:18,2026-01-08T18:01
2026-01-09,27.2,22.3,29.5,23.5,2.5,2.5,27.4,52.9,61,42210.02,2026-01-09T06:18,2026-01-09T18:01
2026-01-10,29.8,22.1,34.3,26.0,3.8,3.8,14.8,29.2,53,42220.16,2026-01-10T06:18,2026-01-10T18:02
2026-01-11,29.1,22.6,35.5,27.1,1.1,1.1,14.1,27.7,53,42230.76,2026-01-11T06:19,2026-01-11T18:02
2026-01-12,27.4,22.0,32.7,26.2,28.3,28.3,19.0,36.4,63,42241.82,2026-01-12T06:19,2026-01-12T18:03
2026-01-13,28.5,22.0,34.1,25.7,1.0,1.0,13.4,29.2,51,42253.31,2026-01-13T06:19,2026-01-13T18:03
2026-01-14,28.8,22.0,33.5,25.9,1.5,1.5,17.0,32.4,53,42265.21,2026-01-14T06:19,2026-01-14T18:04
2026-01-15,28.6,22.3,32.8,25.9,0.0,0.0,15.3,31.3,3,42277.52,2026-01-15T06:20,2026-01-15T18:04
2026-01-16,28.0,22.1,30.5,25.3,0.3,0.3,19.8,39.2,51,42290.21,2026-01-16T06:20,2026-01-16T18:05
2026-01-17,28.0,21.0,30.7,23.5,0.4,0.4,17.6,35.3,51,42303.27,2026-01-17T06:20,2026-01-17T18:05
2026-01-18,28.6,20.6,31.7,23.1,0.0,0.0,15.4,28.8,3,42316.67,2026-01-18T06:20,2026-01-18T18:06
2026-01-19,28.7,20.7,31.8,23.3,0.0,0.0,18.7,36.0,3,42330.41,2026-01-19T06:21,2026-01-19T18:06
2026-01-20,28.1,20.5,30.9,22.7,0.0,0.0,19.5,36.0,3,42344.46,2026-01-20T06:21,2026-01-20T18:07
2026-01-21,28.5,20.1,31.2,21.9,0.0,0.0,19.2,37.8,3,42358.82,2026-01-21T06:21,2026-01-21T18:07
2026-01-22,28.6,20.6,32.2,22.9,0.2,0.2,13.5,27.7,51,42373.46,2026-01-22T06:21,2026-01-22T18:07
2026-01-23,28.1,21.3,32.0,24.3,1.2,1.2,15.0,30.2,51,42388.55,2026-01-23T06:21,2026-01-23T18:08
2026-01-24,29.9,21.3,36.0,25.1,0.4,0.4,11.0,20.9,51,42404.11,2026-01-24T06:21,2026-01-24T18:08
2026-01-25,29.0,22.0,34.1,26.3,1.6,1.6,18.2,34.6,51,42420.13,2026-01-25T06:21,2026-01-25T18:08
2026-01-26,29.5,23.1,33.2,27.6,1.0,1.0,18.2,34.9,51,42436.59,2026-01-26T06:22,2026-01-26T18:09
2026-01-27,28.9,22.7,32.5,25.5,0.3,0.3,19.8,39.2,51,42453.45,2026-01-27T06:22,2026-01-27T18:09
2026-01-28,28.9,21.1,31.4,23.0,0.0,0.0,20.4,40.7,3,42470.69,2026-01-28T06:22,2026-01-28T18:09
2026-01-29,29.0,21.4,33.0,23.2,0.4,0.4,19.6,37.8,51,42488.29,2026-01-29T06:22,2026-01-29T18:10
2026-01-30,25.4,23.0,29.6,26.3,26.1,26.1,16.7,31.7,63,42506.23,2026-01-30T06:22,2026-01-30T18:10
2026-01-31,28.0,22.0,32.5,25.3,10.1,10.1,18.4,35.6,63,42524.49,2026-01-31T06:22,2026-01-31T18:10
2026-02-01,28.7,22.6,35.1,26.7,13.4,13.4,14.7,30.2,63,42543.04,2026-02-01T06:22,2026-02-01T18:11
2026-02-02,28.6,23.2,32.3,27.3,7.6,7.6,18.5,36.4,63,42561.85,2026-02-02T06:22,2026-02-02T18:11
2026-02-03,29.3,22.1,34.0,25.8,3.1,3.1,20.2,40.3,61,42580.91,2026-02-03T06:22,2026-02-03T18:11
2026-02-04,28.7,22.2,33.5,25.3,4.0,4.0,19.7,36.0,53,42600.2,2026-02-04T06:22,2026-02-04T18:12
2026-02-05,27.5,23.0,31.5,27.4,21.6,21.6,18.4,35.3,63,42619.7,2026-02-05T06:21,2026-02-05T18:12
2026-02-06,28.0,22.9,31.8,26.8,7.6,7.6,16.6,33.8,61,42639.37,2026-02-06T06:21,2026-02-06T18:12
2026-02-07,28.5,23.4,31.4,27.0,3.0,3.0,18.1,33.8,53,42659.21,2026-02-07T06:21,2026-02-07T18:12
2026-02-08,28.8,22.8,31.5,25.6,0.0,0.0,20.0,38.9,3,42679.19,2026-02-08T06:21,2026-02-08T18:12
